10 10
 0.00  0.00  0.00  0.00  0.00  0.00  0.00  0.00  0.00  0.00 
 3.55  0.00  0.00  0.00  0.00  0.00  0.00  0.00  7.60  0.00 
 0.00  9.46  0.00  2.05  0.00  9.14  0.00  0.00  0.00  7.97 
 0.00  0.00  0.00  0.00  0.00  0.00  0.00  3.54  0.00  9.38 
 0.00  0.00  4.15  0.00  0.00  0.00  0.00  9.50  0.26  0.00 
 0.00  5.32  0.00  0.00  6.68  0.00  0.00  0.00  0.00  0.00 
 2.56  2.25  0.00  0.00  0.00  0.00  0.00  0.00  0.00  0.00 
 0.00  0.00  0.00  0.00  0.00  4.17  9.54  5.54  8.68  9.49 
 0.00  0.00  0.00  0.00  0.00  0.00  0.00  0.00  0.00  0.00 
 0.00  0.00  0.00  0.00  0.00  0.00  0.00  0.00  0.00  0.00 
10 1
 0.00 
 7.46 
 0.00 
 0.00 
 0.00 
 0.00 
 0.00 
 1.55 
 0.00 
 0.00 
